2,3,35,37,40,
1,35,37,
1,4,37,40,41,
3,5,40,41,43,
4,6,41,43,45,
5,8,43,45,46,
9,33,34,36,
6,10,45,46,47,
7,11,34,36,38,
8,12,46,47,48,
9,13,36,38,39,
10,15,47,48,49,
11,14,38,39,42,
13,16,39,42,44,
12,17,48,49,50,
14,42,44,
15,20,49,50,51,
19,21,52,53,1074,
18,20,51,52,53,
17,19,50,51,52,
18,22,53,1074,1075,
21,23,1074,1075,1076,
22,24,54,1075,1076,
23,25,54,55,1076,
24,26,54,55,56,
25,27,55,56,57,
26,28,56,57,58,
27,29,57,58,59,
28,30,58,59,60,
29,31,59,60,61,
30,32,60,61,62,
31,33,61,62,63,
7,32,34,62,63,64,
7,9,33,36,63,64,65,
1,2,37,66,1146,
7,9,11,34,38,64,65,67,
1,2,3,35,40,66,68,1146,
9,11,13,36,39,65,67,69,
11,13,14,38,42,67,69,71,
1,3,4,37,41,66,68,70,
3,4,5,40,43,68,70,72,
13,14,16,39,44,69,71,73,
4,5,6,41,45,70,72,74,
14,16,42,71,73,
5,6,8,43,46,72,74,75,
6,8,10,45,47,74,75,76,
8,10,12,46,48,75,76,77,
10,12,15,47,49,76,77,78,
12,15,17,48,50,77,78,79,
15,17,20,49,51,78,79,80,
17,19,20,50,52,79,80,81,
18,19,20,51,53,80,81,82,
18,19,21,52,81,82,1074,1077,
23,24,25,55,83,84,1076,1079,
24,25,26,54,56,83,84,85,
25,26,27,55,57,84,85,86,
26,27,28,56,58,85,86,88,
27,28,29,57,59,86,87,88,
28,29,30,58,60,87,89,
29,30,31,59,61,87,89,90,
30,31,32,60,62,89,90,91,
31,32,33,61,63,90,91,92,
32,33,34,62,64,91,92,93,
33,34,36,63,65,92,93,94,
34,36,38,64,67,93,94,95,
35,37,40,68,1064,1065,1146,1147,
36,38,39,65,69,94,95,96,
37,40,41,66,70,97,1064,1065,
38,39,42,67,71,95,96,98,
40,41,43,68,72,97,100,1065,
39,42,44,69,73,96,98,99,
41,43,45,70,74,97,100,101,
42,44,71,98,99,
43,45,46,72,75,100,101,102,
45,46,47,74,76,101,102,103,
46,47,48,75,77,102,103,104,
47,48,49,76,78,103,104,105,
48,49,50,77,79,104,105,106,
49,50,51,78,80,105,106,107,
50,51,52,79,81,106,107,108,
51,52,53,80,82,107,108,109,
52,53,81,108,109,1074,1077,1080,
54,55,84,110,111,1076,1079,1082,
54,55,56,83,85,110,111,112,
55,56,57,84,86,110,112,113,
56,57,58,85,88,112,113,114,
58,59,60,88,89,114,115,116,
57,58,86,87,113,114,115,
59,60,61,87,90,115,116,117,
60,61,62,89,91,116,117,118,
61,62,63,90,92,117,118,119,
62,63,64,91,93,118,119,120,
63,64,65,92,94,119,120,121,
64,65,67,93,95,120,121,122,
65,67,69,94,96,121,122,123,
67,69,71,95,98,122,123,125,
68,70,72,100,124,126,1065,1067,
69,71,73,96,99,123,125,127,
71,73,98,125,127,
70,72,74,97,101,124,126,128,
72,74,75,100,102,126,128,129,
74,75,76,101,103,128,129,130,
75,76,77,102,104,129,130,131,
76,77,78,103,105,130,131,132,
77,78,79,104,106,131,132,133,
78,79,80,105,107,132,133,134,
79,80,81,106,108,133,134,135,
80,81,82,107,109,134,135,136,
81,82,108,135,136,1077,1080,1083,
83,84,85,111,112,137,138,139,
83,84,110,137,138,1079,1082,1085,
84,85,86,110,113,138,139,140,
85,86,88,112,114,139,140,141,
86,87,88,113,115,140,141,1086,
87,88,89,114,116,141,1086,1087,
87,89,90,115,117,142,1086,1087,
89,90,91,116,118,142,143,1087,
90,91,92,117,119,142,143,144,
91,92,93,118,120,143,144,145,
92,93,94,119,121,144,145,146,
93,94,95,120,122,145,146,147,
94,95,96,121,123,146,147,148,
95,96,98,122,125,147,148,150,
97,100,126,149,151,1065,1067,
96,98,99,123,127,148,150,152,
97,100,101,124,128,151,153,
98,99,125,150,152,
100,101,102,126,129,153,154,
101,102,103,128,130,154,155,
102,103,104,129,131,155,156,
103,104,105,130,132,156,157,
104,105,106,131,133,157,158,
105,106,107,132,134,158,159,
106,107,108,133,135,159,160,
107,108,109,134,136,160,161,
108,109,135,161,162,1080,1083,
110,111,138,165,166,1082,1085,
110,111,112,137,139,166,167,
110,112,113,138,140,167,168,
112,113,114,139,141,168,169,
113,114,115,140,169,1086,1088,
116,117,118,143,170,171,1087,
117,118,119,142,144,171,172,
118,119,120,143,145,172,173,
119,120,121,144,146,173,174,
120,121,122,145,147,174,175,
121,122,123,146,148,175,178,
122,123,125,147,150,178,181,
124,151,176,177,179,1067,1068,
123,125,127,148,152,181,184,
124,126,149,153,177,179,180,
125,127,150,184,
126,128,151,154,179,180,182,
128,129,153,155,180,182,183,
129,130,154,156,182,183,185,
130,131,155,157,183,185,186,
131,132,156,158,185,186,187,
132,133,157,159,186,187,188,
133,134,158,160,187,188,189,
134,135,159,161,188,189,190,
135,136,160,162,189,190,191,
136,161,163,190,191,192,1083,
162,164,191,192,1083,1084,1090,
163,165,192,1084,1085,1090,1091,
137,164,166,1085,1090,1091,1092,
137,138,165,167,193,1091,1092,
138,139,166,168,193,1092,1093,
139,140,167,169,193,1093,1094,
140,141,168,1088,1093,1094,1095,
142,171,194,195,1087,1089,1096,
142,143,170,172,194,195,196,
143,144,171,173,195,196,197,
144,145,172,174,196,197,198,
145,146,173,175,197,198,199,
146,147,174,178,198,199,202,
149,177,200,201,203,1068,1150,1152,
149,151,176,179,201,203,205,1068,
147,148,175,181,199,202,204,
149,151,153,177,180,203,205,206,
151,153,154,179,182,205,206,208,
148,150,178,184,202,204,207,
153,154,155,180,183,206,208,209,
154,155,156,182,185,208,209,210,
150,152,181,204,207,
155,156,157,183,186,209,210,211,
156,157,158,185,187,210,211,212,
157,158,159,186,188,211,212,213,
158,159,160,187,189,212,213,214,
159,160,161,188,190,213,214,215,
160,161,162,189,191,214,215,216,
161,162,163,190,192,215,216,217,
162,163,164,191,216,217,1090,1097,
166,167,168,218,1092,1093,1099,1100,
170,171,195,219,220,1089,1096,1103,
170,171,172,194,196,219,220,221,
171,172,173,195,197,220,221,222,
172,173,174,196,198,221,222,223,
173,174,175,197,199,222,223,225,
174,175,178,198,202,223,225,227,
176,201,224,226,1151,1152,1153,1154,
176,177,200,203,224,226,228,1152,
175,178,181,199,204,225,227,229,
176,177,179,201,205,226,228,230,
178,181,184,202,207,227,229,232,
177,179,180,203,206,228,230,231,
179,180,182,205,208,230,231,233,
181,184,204,229,232,
180,182,183,206,209,231,233,234,
182,183,185,208,210,233,234,235,
183,185,186,209,211,234,235,236,
185,186,187,210,212,235,236,237,
186,187,188,211,213,236,237,238,
187,188,189,212,214,237,238,239,
188,189,190,213,215,238,239,240,
189,190,191,214,216,239,240,241,
190,191,192,215,217,240,241,242,
191,192,216,241,242,1090,1097,1104,
193,243,1092,1093,1099,1100,1106,1107,
194,195,220,244,245,246,1096,1103,
194,195,196,219,221,245,246,247,
195,196,197,220,222,246,247,248,
196,197,198,221,223,247,248,249,
197,198,199,222,225,248,249,250,
200,201,226,251,1069,1153,1154,1155,
198,199,202,223,227,249,250,252,
200,201,203,224,228,251,253,1069,
199,202,204,225,229,250,252,254,
201,203,205,226,230,251,253,255,
202,204,207,227,232,252,254,257,
203,205,206,228,231,253,255,256,
205,206,208,230,233,255,256,258,
204,207,229,254,257,
206,208,209,231,234,256,258,259,
208,209,210,233,235,258,259,260,
209,210,211,234,236,259,260,261,
210,211,212,235,237,260,261,262,
211,212,213,236,238,261,262,263,
212,213,214,237,239,262,263,264,
213,214,215,238,240,263,264,265,
214,215,216,239,241,264,265,266,
215,216,217,240,242,265,266,267,
216,217,241,266,267,268,1097,1104,
218,270,271,272,1099,1100,1106,1107,
219,245,274,1102,1103,1109,1110,1111,
219,220,244,246,274,275,1103,1111,
219,220,221,245,247,274,275,276,
220,221,222,246,248,275,276,277,
221,222,223,247,249,276,277,278,
222,223,225,248,250,277,278,279,
223,225,227,249,252,278,279,281,
224,226,228,253,280,282,1069,1071,
225,227,229,250,254,279,281,283,
226,228,230,251,255,280,282,284,
227,229,232,252,257,281,283,286,
228,230,231,253,256,282,284,285,
230,231,233,255,258,284,285,288,
229,232,254,283,286,287,
231,233,234,256,259,285,288,289,
233,234,235,258,260,288,289,290,
234,235,236,259,261,289,290,291,
235,236,237,260,262,290,291,292,
236,237,238,261,263,291,292,293,
237,238,239,262,264,292,293,294,
238,239,240,263,265,293,294,295,
239,240,241,264,266,294,295,296,
240,241,242,265,267,295,296,297,
241,242,266,268,296,297,298,1104,
242,267,269,297,298,299,1104,1105,
268,270,298,299,300,1104,1105,1106,
243,269,271,299,300,301,1105,1106,
243,270,272,300,301,302,1106,1107,
243,271,273,301,302,303,1107,1108,
272,302,303,1107,1108,1109,1110,1112,
244,245,246,275,304,305,1111,1113,
245,246,247,274,276,304,305,306,
246,247,248,275,277,305,306,307,
247,248,249,276,278,306,307,308,
248,249,250,277,279,307,308,309,
249,250,252,278,281,308,309,311,
251,253,282,310,312,1069,1071,1073,
250,252,254,279,283,309,311,313,
251,253,255,280,284,310,312,314,
252,254,257,281,286,311,313,315,
253,255,256,282,285,312,314,316,
255,256,258,284,288,314,316,318,
254,257,283,287,313,315,317,
257,286,315,317,
256,258,259,285,289,316,318,319,
258,259,260,288,290,318,319,320,
259,260,261,289,291,319,320,321,
260,261,262,290,292,320,321,322,
261,262,263,291,293,321,322,323,
262,263,264,292,294,322,323,324,
263,264,265,293,295,323,324,325,
264,265,266,294,296,324,325,326,
265,266,267,295,297,325,326,327,
266,267,268,296,298,326,327,328,
267,268,269,297,299,327,328,329,
268,269,270,298,300,328,329,330,
269,270,271,299,301,329,330,331,
270,271,272,300,302,330,331,332,
271,272,273,301,303,331,332,333,
272,273,302,332,333,1110,1112,1114,
274,275,305,334,335,1111,1113,1115,
274,275,276,304,306,334,335,336,
275,276,277,305,307,335,336,337,
276,277,278,306,308,336,337,338,
277,278,279,307,309,337,338,339,
278,279,281,308,311,338,339,340,
280,282,312,341,342,344,1071,1073,
279,281,283,309,313,339,340,343,
280,282,284,310,314,342,344,345,
281,283,286,311,315,340,343,346,
282,284,285,312,316,344,345,347,
283,286,287,313,317,343,346,348,
284,285,288,314,318,345,347,349,
286,287,315,346,348,
285,288,289,316,319,347,349,350,
288,289,290,318,320,349,350,351,
289,290,291,319,321,350,351,352,
290,291,292,320,322,351,352,353,
291,292,293,321,323,352,353,354,
292,293,294,322,324,353,354,355,
293,294,295,323,325,354,355,356,
294,295,296,324,326,355,356,357,
295,296,297,325,327,356,357,358,
296,297,298,326,328,357,358,359,
297,298,299,327,329,358,359,360,
298,299,300,328,330,359,360,361,
299,300,301,329,331,360,361,362,
300,301,302,330,332,361,362,363,
301,302,303,331,333,362,363,364,
302,303,332,363,364,1112,1114,1116,
304,305,335,365,366,367,1113,1115,
304,305,306,334,336,366,367,368,
305,306,307,335,337,367,368,369,
306,307,308,336,338,368,369,370,
307,308,309,337,339,369,370,371,
308,309,311,338,340,370,371,373,
309,311,313,339,343,371,373,376,
310,342,372,374,1072,1073,
310,312,341,344,372,374,375,1073,
311,313,315,340,346,373,376,379,
310,312,314,342,345,374,375,377,
312,314,316,344,347,375,377,378,
313,315,317,343,348,376,379,380,
314,316,318,345,349,377,378,381,
315,317,346,379,380,
316,318,319,347,350,378,381,382,
318,319,320,349,351,381,382,383,
319,320,321,350,352,382,383,384,
320,321,322,351,353,383,384,385,
321,322,323,352,354,384,385,386,
322,323,324,353,355,385,386,387,
323,324,325,354,356,386,387,388,
324,325,326,355,357,387,388,389,
325,326,327,356,358,388,389,390,
326,327,328,357,359,389,390,391,
327,328,329,358,360,390,391,392,
328,329,330,359,361,391,392,393,
329,330,331,360,362,392,393,394,
330,331,332,361,363,393,394,395,
331,332,333,362,364,394,395,396,
332,333,363,395,396,397,1114,1116,
334,366,397,398,399,1114,1115,1116,
334,335,365,367,398,399,400,1115,
334,335,336,366,368,399,400,401,
335,336,337,367,369,400,401,402,
336,337,338,368,370,401,402,403,
337,338,339,369,371,402,403,404,
338,339,340,370,373,403,404,406,
341,342,374,405,407,
339,340,343,371,376,404,406,409,
341,342,344,372,375,405,407,408,
342,344,345,374,377,407,408,410,
340,343,346,373,379,406,409,412,
344,345,347,375,378,408,410,411,
345,347,349,377,381,410,411,414,
343,346,348,376,380,409,412,413,
346,348,379,412,413,
347,349,350,378,382,411,414,415,
349,350,351,381,383,414,415,416,
350,351,352,382,384,415,416,417,
351,352,353,383,385,416,417,418,
352,353,354,384,386,417,418,419,
353,354,355,385,387,418,419,420,
354,355,356,386,388,419,420,421,
355,356,357,387,389,420,421,422,
356,357,358,388,390,421,422,423,
357,358,359,389,391,422,423,424,
358,359,360,390,392,423,424,425,
359,360,361,391,393,424,425,426,
360,361,362,392,394,425,426,427,
361,362,363,393,395,426,427,428,
362,363,364,394,396,427,428,429,
363,364,395,397,428,429,430,1116,
364,365,396,398,429,430,431,1116,
365,366,397,399,430,431,432,1116,
365,366,367,398,400,431,432,433,
366,367,368,399,401,432,433,434,
367,368,369,400,402,433,434,435,
368,369,370,401,403,434,435,436,
369,370,371,402,404,435,436,437,
370,371,373,403,406,436,437,439,
372,374,407,438,440,
371,373,376,404,409,437,439,442,
372,374,375,405,408,438,440,441,
374,375,377,407,410,440,441,443,
373,376,379,406,412,439,442,445,
375,377,378,408,411,441,443,444,
377,378,381,410,414,443,444,447,
376,379,380,409,413,442,445,446,
379,380,412,445,446,
378,381,382,411,415,444,447,448,
381,382,383,414,416,447,448,449,
382,383,384,415,417,448,449,450,
383,384,385,416,418,449,450,451,
384,385,386,417,419,450,451,452,
385,386,387,418,420,451,452,453,
386,387,388,419,421,452,453,454,
387,388,389,420,422,453,454,455,
388,389,390,421,423,454,455,456,
389,390,391,422,424,455,456,457,
390,391,392,423,425,456,457,458,
391,392,393,424,426,457,458,459,
392,393,394,425,427,458,459,460,
393,394,395,426,428,459,460,461,
394,395,396,427,429,460,461,462,
395,396,397,428,430,461,462,463,
396,397,398,429,431,462,463,464,
397,398,399,430,432,463,464,465,
398,399,400,431,433,464,465,466,
399,400,401,432,434,465,466,467,
400,401,402,433,435,466,467,468,
401,402,403,434,436,467,468,469,
402,403,404,435,437,468,469,470,
403,404,406,436,439,469,470,473,
405,407,440,471,472,
404,406,409,437,442,470,473,475,
405,407,408,438,441,471,472,474,
407,408,410,440,443,472,474,476,
406,409,412,439,445,473,475,478,
408,410,411,441,444,474,476,477,
410,411,414,443,447,476,477,479,
409,412,413,442,446,475,478,480,
412,413,445,478,480,
411,414,415,444,448,477,479,481,
414,415,416,447,449,479,481,482,
415,416,417,448,450,481,482,483,
416,417,418,449,451,482,483,484,
417,418,419,450,452,483,484,485,
418,419,420,451,453,484,485,486,
419,420,421,452,454,485,486,487,
420,421,422,453,455,486,487,488,
421,422,423,454,456,487,488,489,
422,423,424,455,457,488,489,490,
423,424,425,456,458,489,490,491,
424,425,426,457,459,490,491,492,
425,426,427,458,460,491,492,493,
426,427,428,459,461,492,493,1117,
427,428,429,460,462,493,1117,1118,
428,429,430,461,463,1117,1118,1119,
429,430,431,462,464,1118,1119,1120,
430,431,432,463,465,1119,1120,1121,
431,432,433,464,466,1120,1121,1122,
432,433,434,465,467,1121,1122,1123,
433,434,435,466,468,494,1122,1123,
434,435,436,467,469,494,495,1123,
435,436,437,468,470,494,495,496,
436,437,439,469,473,495,496,499,
438,440,472,497,498,
438,440,441,471,474,497,498,500,
437,439,442,470,475,496,499,501,
440,441,443,472,476,498,500,502,
439,442,445,473,478,499,501,503,
441,443,444,474,477,500,502,504,
443,444,447,476,479,502,504,506,
442,445,446,475,480,501,503,505,
444,447,448,477,481,504,506,507,
445,446,478,503,505,
447,448,449,479,482,506,507,508,
448,449,450,481,483,507,508,509,
449,450,451,482,484,508,509,510,
450,451,452,483,485,509,510,511,
451,452,453,484,486,510,511,512,
452,453,454,485,487,511,512,513,
453,454,455,486,488,512,513,514,
454,455,456,487,489,513,514,515,
455,456,457,488,490,514,515,516,
456,457,458,489,491,515,516,517,
457,458,459,490,492,516,517,518,
458,459,460,491,493,517,518,519,
459,460,461,492,518,519,520,1117,
467,468,469,495,521,522,1123,1129,
468,469,470,494,496,521,522,523,
469,470,473,495,499,522,523,525,
471,472,498,524,527,
471,472,474,497,500,524,527,529,
470,473,475,496,501,523,525,526,
472,474,476,498,502,527,529,531,
473,475,478,499,503,525,526,528,
474,476,477,500,504,529,531,532,
475,478,480,501,505,526,528,530,
476,477,479,502,506,531,532,533,
478,480,503,528,530,
477,479,481,504,507,532,533,534,
479,481,482,506,508,533,534,535,
481,482,483,507,509,534,535,536,
482,483,484,508,510,535,536,537,
483,484,485,509,511,536,537,538,
484,485,486,510,512,537,538,539,
485,486,487,511,513,538,539,540,
486,487,488,512,514,539,540,541,
487,488,489,513,515,540,541,542,
488,489,490,514,516,541,542,543,
489,490,491,515,517,542,543,544,
490,491,492,516,518,543,544,545,
491,492,493,517,519,544,545,546,
492,493,518,520,545,546,547,1117,
493,519,546,547,548,1117,1118,1124,
494,495,522,553,554,555,1123,1129,
494,495,496,521,523,554,555,556,
495,496,499,522,525,555,556,557,
497,498,527,558,560,
496,499,501,523,526,556,557,559,
499,501,503,525,528,557,559,561,
497,498,500,524,529,558,560,562,
501,503,505,526,530,559,561,563,
498,500,502,527,531,560,562,564,
503,505,528,561,563,
500,502,504,529,532,562,564,565,
502,504,506,531,533,564,565,566,
504,506,507,532,534,565,566,567,
506,507,508,533,535,566,567,568,
507,508,509,534,536,567,568,569,
508,509,510,535,537,568,569,570,
509,510,511,536,538,569,570,571,
510,511,512,537,539,570,571,572,
511,512,513,538,540,571,572,573,
512,513,514,539,541,572,573,574,
513,514,515,540,542,573,574,575,
514,515,516,541,543,574,575,576,
515,516,517,542,544,575,576,577,
516,517,518,543,545,576,577,578,
517,518,519,544,546,577,578,579,
518,519,520,545,547,578,579,580,
519,520,546,548,579,580,581,1124,
520,547,549,580,581,582,1124,1125,
548,550,581,582,583,1124,1125,1126,
549,551,582,583,584,1125,1126,1127,
550,552,583,584,585,1126,1127,1128,
551,553,584,585,586,1127,1128,1129,
521,552,554,585,586,587,1128,1129,
521,522,553,555,586,587,588,1129,
521,522,523,554,556,587,588,589,
522,523,525,555,557,588,589,590,
523,525,526,556,559,589,590,592,
524,527,560,591,593,
525,526,528,557,561,590,592,594,
524,527,529,558,562,591,593,596,
526,528,530,559,563,592,594,595,
527,529,531,560,564,593,596,597,
528,530,561,594,595,
529,531,532,562,565,596,597,598,
531,532,533,564,566,597,598,599,
532,533,534,565,567,598,599,600,
533,534,535,566,568,599,600,601,
534,535,536,567,569,600,601,602,
535,536,537,568,570,601,602,603,
536,537,538,569,571,602,603,604,
537,538,539,570,572,603,604,605,
538,539,540,571,573,604,605,606,
539,540,541,572,574,605,606,607,
540,541,542,573,575,606,607,608,
541,542,543,574,576,607,608,609,
542,543,544,575,577,608,609,610,
543,544,545,576,578,609,610,611,
544,545,546,577,579,610,611,612,
545,546,547,578,580,611,612,613,
546,547,548,579,581,612,613,614,
547,548,549,580,582,613,614,615,
548,549,550,581,583,614,615,617,
549,550,551,582,584,615,616,617,
550,551,552,583,585,616,617,618,
551,552,553,584,586,616,618,619,
552,553,554,585,587,618,619,620,
553,554,555,586,588,619,620,621,
554,555,556,587,589,620,621,622,
555,556,557,588,590,621,622,623,
556,557,559,589,592,622,623,625,
558,560,593,624,626,
557,559,561,590,594,623,625,627,
558,560,562,591,596,624,626,629,
559,561,563,592,595,625,627,628,
561,563,594,627,628,
560,562,564,593,597,626,629,630,
562,564,565,596,598,629,630,631,
564,565,566,597,599,630,631,632,
565,566,567,598,600,631,632,633,
566,567,568,599,601,632,633,634,
567,568,569,600,602,633,634,635,
568,569,570,601,603,634,635,636,
569,570,571,602,604,635,636,637,
570,571,572,603,605,636,637,638,
571,572,573,604,606,637,638,639,
572,573,574,605,607,638,639,640,
573,574,575,606,608,639,640,641,
574,575,576,607,609,640,641,642,
575,576,577,608,610,641,642,643,
576,577,578,609,611,642,643,644,
577,578,579,610,612,643,644,645,
578,579,580,611,613,644,645,646,
579,580,581,612,614,645,646,647,
580,581,582,613,615,646,647,648,
581,582,583,614,617,647,648,649,
583,584,585,617,618,649,650,651,
582,583,584,615,616,648,649,650,
584,585,586,616,619,650,651,652,
585,586,587,618,620,651,652,653,
586,587,588,619,621,652,653,654,
587,588,589,620,622,653,654,655,
588,589,590,621,623,654,655,656,
589,590,592,622,625,655,656,657,
591,593,626,658,660,
590,592,594,623,627,656,657,659,
591,593,596,624,629,658,660,662,
592,594,595,625,628,657,659,661,
594,595,627,659,661,
593,596,597,626,630,660,662,663,
596,597,598,629,631,662,663,664,
597,598,599,630,632,663,664,665,
598,599,600,631,633,664,665,666,
599,600,601,632,634,665,666,667,
600,601,602,633,635,666,667,668,
601,602,603,634,636,667,668,669,
602,603,604,635,637,668,669,670,
603,604,605,636,638,669,670,671,
604,605,606,637,639,670,671,672,
605,606,607,638,640,671,672,673,
606,607,608,639,641,672,673,674,
607,608,609,640,642,673,674,675,
608,609,610,641,643,674,675,676,
609,610,611,642,644,675,676,677,
610,611,612,643,645,676,677,678,
611,612,613,644,646,677,678,679,
612,613,614,645,647,678,679,680,
613,614,615,646,648,679,680,681,
614,615,617,647,649,680,681,682,
615,616,617,648,650,681,682,683,
616,617,618,649,651,682,683,684,
616,618,619,650,652,683,684,685,
618,619,620,651,653,684,685,686,
619,620,621,652,654,685,686,687,
620,621,622,653,655,686,687,688,
621,622,623,654,656,687,688,689,
622,623,625,655,657,688,689,690,
623,625,627,656,659,689,690,692,
624,626,660,691,693,
625,627,628,657,661,690,692,694,
624,626,629,658,662,691,693,695,
627,628,659,692,694,
626,629,630,660,663,693,695,696,
629,630,631,662,664,695,696,697,
630,631,632,663,665,696,697,698,
631,632,633,664,666,697,698,699,
632,633,634,665,667,698,699,700,
633,634,635,666,668,699,700,701,
634,635,636,667,669,700,701,702,
635,636,637,668,670,701,702,703,
636,637,638,669,671,702,703,704,
637,638,639,670,672,703,704,705,
638,639,640,671,673,704,705,706,
639,640,641,672,674,705,706,707,
640,641,642,673,675,706,707,708,
641,642,643,674,676,707,708,709,
642,643,644,675,677,708,709,710,
643,644,645,676,678,709,710,711,
644,645,646,677,679,710,711,712,
645,646,647,678,680,711,712,713,
646,647,648,679,681,712,713,714,
647,648,649,680,682,713,714,715,
648,649,650,681,683,714,715,716,
649,650,651,682,684,715,716,717,
650,651,652,683,685,716,717,718,
651,652,653,684,686,717,718,719,
652,653,654,685,687,718,719,720,
653,654,655,686,688,719,720,721,
654,655,656,687,689,720,721,722,
655,656,657,688,690,721,722,724,
656,657,659,689,692,722,724,725,
658,660,693,723,726,
657,659,661,690,694,724,725,727,
658,660,662,691,695,723,726,728,
659,661,692,725,727,
660,662,663,693,696,726,728,729,
662,663,664,695,697,728,729,730,
663,664,665,696,698,729,730,731,
664,665,666,697,699,730,731,732,
665,666,667,698,700,731,732,733,
666,667,668,699,701,732,733,734,
667,668,669,700,702,733,734,735,
668,669,670,701,703,734,735,736,
669,670,671,702,704,735,736,737,
670,671,672,703,705,736,737,738,
671,672,673,704,706,737,738,739,
672,673,674,705,707,738,739,740,
673,674,675,706,708,739,740,741,
674,675,676,707,709,740,741,742,
675,676,677,708,710,741,742,743,
676,677,678,709,711,742,743,744,
677,678,679,710,712,743,744,745,
678,679,680,711,713,744,745,746,
679,680,681,712,714,745,746,747,
680,681,682,713,715,746,747,748,
681,682,683,714,716,747,748,749,
682,683,684,715,717,748,749,750,
683,684,685,716,718,749,750,751,
684,685,686,717,719,750,751,752,
685,686,687,718,720,751,752,753,
686,687,688,719,721,752,753,754,
687,688,689,720,722,753,754,755,
688,689,690,721,724,754,755,757,
691,693,726,756,758,
689,690,692,722,725,755,757,759,
690,692,694,724,727,757,759,760,
691,693,695,723,728,756,758,761,
692,694,725,759,760,
693,695,696,726,729,758,761,762,
695,696,697,728,730,761,762,763,
696,697,698,729,731,762,763,764,
697,698,699,730,732,763,764,765,
698,699,700,731,733,764,765,766,
699,700,701,732,734,765,766,767,
700,701,702,733,735,766,767,768,
701,702,703,734,736,767,768,769,
702,703,704,735,737,768,769,770,
703,704,705,736,738,769,770,771,
704,705,706,737,739,770,771,772,
705,706,707,738,740,771,772,773,
706,707,708,739,741,772,773,774,
707,708,709,740,742,773,774,775,
708,709,710,741,743,774,775,776,
709,710,711,742,744,775,776,777,
710,711,712,743,745,776,777,778,
711,712,713,744,746,777,778,779,
712,713,714,745,747,778,779,780,
713,714,715,746,748,779,780,781,
714,715,716,747,749,780,781,782,
715,716,717,748,750,781,782,783,
716,717,718,749,751,782,783,784,
717,718,719,750,752,783,784,785,
718,719,720,751,753,784,785,786,
719,720,721,752,754,785,786,787,
720,721,722,753,755,786,787,788,
721,722,724,754,757,787,788,790,
723,726,758,789,791,
722,724,725,755,759,788,790,792,
723,726,728,756,761,789,791,794,
724,725,727,757,760,790,792,793,
725,727,759,792,793,
726,728,729,758,762,791,794,795,
728,729,730,761,763,794,795,796,
729,730,731,762,764,795,796,797,
730,731,732,763,765,796,797,798,
731,732,733,764,766,797,798,799,
732,733,734,765,767,798,799,800,
733,734,735,766,768,799,800,801,
734,735,736,767,769,800,801,802,
735,736,737,768,770,801,802,803,
736,737,738,769,771,802,803,804,
737,738,739,770,772,803,804,805,
738,739,740,771,773,804,805,806,
739,740,741,772,774,805,806,807,
740,741,742,773,775,806,807,808,
741,742,743,774,776,807,808,809,
742,743,744,775,777,808,809,810,
743,744,745,776,778,809,810,811,
744,745,746,777,779,810,811,812,
745,746,747,778,780,811,812,813,
746,747,748,779,781,812,813,814,
747,748,749,780,782,813,814,815,
748,749,750,781,783,814,815,816,
749,750,751,782,784,815,816,817,
750,751,752,783,785,816,817,818,
751,752,753,784,786,817,818,819,
752,753,754,785,787,818,819,820,
753,754,755,786,788,819,820,821,
754,755,757,787,790,820,821,823,
756,758,791,822,824,
755,757,759,788,792,821,823,825,
756,758,761,789,794,822,824,827,
757,759,760,790,793,823,825,826,
759,760,792,825,826,
758,761,762,791,795,824,827,828,
761,762,763,794,796,827,828,829,
762,763,764,795,797,828,829,830,
763,764,765,796,798,829,830,831,
764,765,766,797,799,830,831,832,
765,766,767,798,800,831,832,833,
766,767,768,799,801,832,833,834,
767,768,769,800,802,833,834,835,
768,769,770,801,803,834,835,836,
769,770,771,802,804,835,836,837,
770,771,772,803,805,836,837,838,
771,772,773,804,806,837,838,839,
772,773,774,805,807,838,839,840,
773,774,775,806,808,839,840,841,
774,775,776,807,809,840,841,843,
775,776,777,808,810,841,842,843,
776,777,778,809,811,842,843,844,
777,778,779,810,812,842,844,845,
778,779,780,811,813,844,845,1130,
779,780,781,812,814,845,1130,1131,
780,781,782,813,815,846,1130,1131,
781,782,783,814,816,846,847,1131,
782,783,784,815,817,846,847,848,
783,784,785,816,818,847,848,849,
784,785,786,817,819,848,849,850,
785,786,787,818,820,849,850,851,
786,787,788,819,821,850,851,853,
787,788,790,820,823,851,853,854,
789,791,824,852,856,
788,790,792,821,825,853,854,855,
789,791,794,822,827,852,856,858,
790,792,793,823,826,854,855,857,
792,793,825,855,857,
791,794,795,824,828,856,858,859,
794,795,796,827,829,858,859,860,
795,796,797,828,830,859,860,861,
796,797,798,829,831,860,861,862,
797,798,799,830,832,861,862,863,
798,799,800,831,833,862,863,864,
799,800,801,832,834,863,864,865,
800,801,802,833,835,864,865,866,
801,802,803,834,836,865,866,867,
802,803,804,835,837,866,867,868,
803,804,805,836,838,867,868,869,
804,805,806,837,839,868,869,870,
805,806,807,838,840,869,870,871,
806,807,808,839,841,870,871,872,
807,808,809,840,843,871,872,873,
809,810,811,843,844,873,874,875,
808,809,810,841,842,872,873,874,
810,811,812,842,845,874,875,876,
811,812,813,844,875,876,1130,1132,
814,815,816,847,877,878,1131,1133,
815,816,817,846,848,877,878,879,
816,817,818,847,849,878,879,880,
817,818,819,848,850,879,880,881,
818,819,820,849,851,880,881,882,
819,820,821,850,853,881,882,884,
822,824,856,883,886,
820,821,823,851,854,882,884,885,
821,823,825,853,855,884,885,887,
823,825,826,854,857,885,887,888,
822,824,827,852,858,883,886,889,
825,826,855,887,888,
824,827,828,856,859,886,889,890,
827,828,829,858,860,889,890,891,
828,829,830,859,861,890,891,892,
829,830,831,860,862,891,892,893,
830,831,832,861,863,892,893,894,
831,832,833,862,864,893,894,895,
832,833,834,863,865,894,895,896,
833,834,835,864,866,895,896,897,
834,835,836,865,867,896,897,898,
835,836,837,866,868,897,898,899,
836,837,838,867,869,898,899,900,
837,838,839,868,870,899,900,901,
838,839,840,869,871,900,901,902,
839,840,841,870,872,901,902,903,
840,841,843,871,873,902,903,904,
841,842,843,872,874,903,904,905,
842,843,844,873,875,904,905,906,
842,844,845,874,876,905,906,907,
844,845,875,906,907,1130,1132,1134,
846,847,878,908,909,1131,1133,1135,
846,847,848,877,879,908,909,910,
847,848,849,878,880,909,910,911,
848,849,850,879,881,910,911,912,
849,850,851,880,882,911,912,913,
850,851,853,881,884,912,913,915,
852,856,886,914,916,
851,853,854,882,885,913,915,917,
853,854,855,884,887,915,917,918,
852,856,858,883,889,914,916,919,
854,855,857,885,888,917,918,920,
855,857,887,918,920,
856,858,859,886,890,916,919,921,
858,859,860,889,891,919,921,922,
859,860,861,890,892,921,922,923,
860,861,862,891,893,922,923,924,
861,862,863,892,894,923,924,925,
862,863,864,893,895,924,925,926,
863,864,865,894,896,925,926,927,
864,865,866,895,897,926,927,928,
865,866,867,896,898,927,928,929,
866,867,868,897,899,928,929,930,
867,868,869,898,900,929,930,931,
868,869,870,899,901,930,931,932,
869,870,871,900,902,931,932,933,
870,871,872,901,903,932,933,934,
871,872,873,902,904,933,934,935,
872,873,874,903,905,934,935,936,
873,874,875,904,906,935,936,937,
874,875,876,905,907,936,937,938,
875,876,906,937,938,939,1132,1134,
877,878,909,940,941,942,1133,1135,
877,878,879,908,910,941,942,943,
878,879,880,909,911,942,943,944,
879,880,881,910,912,943,944,945,
880,881,882,911,913,944,945,946,
881,882,884,912,915,945,946,948,
883,886,916,947,949,
882,884,885,913,917,946,948,950,
883,886,889,914,919,947,949,951,
884,885,887,915,918,948,950,953,
885,887,888,917,920,950,952,953,
886,889,890,916,921,949,951,954,
887,888,918,952,953,
889,890,891,919,922,951,954,955,
890,891,892,921,923,954,955,956,
891,892,893,922,924,955,956,957,
892,893,894,923,925,956,957,958,
893,894,895,924,926,957,958,959,
894,895,896,925,927,958,959,960,
895,896,897,926,928,959,960,961,
896,897,898,927,929,960,961,962,
897,898,899,928,930,961,962,963,
898,899,900,929,931,962,963,964,
899,900,901,930,932,963,964,965,
900,901,902,931,933,964,965,966,
901,902,903,932,934,965,966,967,
902,903,904,933,935,966,967,968,
903,904,905,934,936,967,968,969,
904,905,906,935,937,968,969,970,
905,906,907,936,938,969,970,971,
906,907,937,939,970,971,972,1134,
907,938,940,971,972,973,1134,1135,
908,939,941,972,973,974,1134,1135,
908,909,940,942,973,974,975,1135,
908,909,910,941,943,974,975,976,
909,910,911,942,944,975,976,977,
910,911,912,943,945,976,977,978,
911,912,913,944,946,977,978,980,
912,913,915,945,948,978,980,981,
914,916,949,979,982,
913,915,917,946,950,980,981,983,
914,916,919,947,951,979,982,984,
915,917,918,948,953,981,983,985,
916,919,921,949,954,982,984,986,
918,920,953,985,987,
917,918,920,950,952,983,985,987,
919,921,922,951,955,984,986,988,
921,922,923,954,956,986,988,989,
922,923,924,955,957,988,989,990,
923,924,925,956,958,989,990,991,
924,925,926,957,959,990,991,1136,
925,926,927,958,960,991,1136,1137,
926,927,928,959,961,1136,1137,1138,
927,928,929,960,962,992,1137,1138,
928,929,930,961,963,992,993,1138,
929,930,931,962,964,992,993,994,
930,931,932,963,965,993,994,995,
931,932,933,964,966,994,995,996,
932,933,934,965,967,995,996,997,
933,934,935,966,968,996,997,998,
934,935,936,967,969,997,998,999,
935,936,937,968,970,998,999,1000,
936,937,938,969,971,999,1000,1001,
937,938,939,970,972,1000,1001,1002,
938,939,940,971,973,1001,1002,1003,
939,940,941,972,974,1002,1003,1004,
940,941,942,973,975,1003,1004,1005,
941,942,943,974,976,1004,1005,1006,
942,943,944,975,977,1005,1006,1007,
943,944,945,976,978,1006,1007,1008,
944,945,946,977,980,1007,1008,1010,
947,949,982,1009,1013,
945,946,948,978,981,1008,1010,1011,
946,948,950,980,983,1010,1011,1012,
947,949,951,979,984,1009,1013,1015,
948,950,953,981,985,1011,1012,1014,
949,951,954,982,986,1013,1015,1017,
950,952,953,983,987,1012,1014,1016,
951,954,955,984,988,1015,1017,1018,
952,953,985,1014,1016,
954,955,956,986,989,1017,1018,1019,
955,956,957,988,990,1018,1019,1020,
956,957,958,989,991,1019,1020,1021,
957,958,959,990,1020,1021,1136,1139,
961,962,963,993,1022,1023,1138,1141,
962,963,964,992,994,1022,1023,1024,
963,964,965,993,995,1023,1024,1142,
964,965,966,994,996,1024,1142,1143,
965,966,967,995,997,1025,1142,1143,
966,967,968,996,998,1025,1026,1143,
967,968,969,997,999,1025,1026,1027,
968,969,970,998,1000,1026,1027,1028,
969,970,971,999,1001,1027,1028,1029,
970,971,972,1000,1002,1028,1029,1030,
971,972,973,1001,1003,1029,1030,1031,
972,973,974,1002,1004,1030,1031,1032,
973,974,975,1003,1005,1031,1032,1034,
974,975,976,1004,1006,1032,1033,1034,
975,976,977,1005,1007,1033,1034,1035,
976,977,978,1006,1008,1033,1035,1036,
977,978,980,1007,1010,1035,1036,1038,
979,982,1013,1037,1040,
978,980,981,1008,1011,1036,1038,1039,
980,981,983,1010,1012,1038,1039,1041,
981,983,985,1011,1014,1039,1041,1042,
979,982,984,1009,1015,1037,1040,1043,
983,985,987,1012,1016,1041,1042,1044,
982,984,986,1013,1017,1040,1043,1045,
985,987,1014,1042,1044,
984,986,988,1015,1018,1043,1045,1046,
986,988,989,1017,1019,1045,1046,1047,
988,989,990,1018,1020,1046,1047,1048,
989,990,991,1019,1021,1047,1048,1049,
990,991,1020,1048,1049,1050,1136,1139,
992,993,1023,1052,1053,1054,1138,1141,
992,993,994,1022,1024,1053,1054,1055,
993,994,995,1023,1054,1055,1142,1144,
996,997,998,1026,1056,1057,1143,1145,
997,998,999,1025,1027,1056,1057,1058,
998,999,1000,1026,1028,1057,1058,1059,
999,1000,1001,1027,1029,1058,1059,1060,
1000,1001,1002,1028,1030,1059,1060,1061,
1001,1002,1003,1029,1031,1060,1061,1062,
1002,1003,1004,1030,1032,1061,1062,1063,
1003,1004,1005,1031,1034,1062,1063,
1005,1006,1007,1034,1035,
1004,1005,1006,1032,1033,1063,
1006,1007,1008,1033,1036,
1007,1008,1010,1035,1038,
1009,1013,1040,
1008,1010,1011,1036,1039,
1010,1011,1012,1038,1041,
1009,1013,1015,1037,1043,
1011,1012,1014,1039,1042,
1012,1014,1016,1041,1044,
1013,1015,1017,1040,1045,
1014,1016,1042,
1015,1017,1018,1043,1046,
1017,1018,1019,1045,1047,
1018,1019,1020,1046,1048,
1019,1020,1021,1047,1049,
1020,1021,1048,1050,1139,
1021,1049,1051,1139,1140,
1050,1052,1139,1140,1141,
1022,1051,1053,1140,1141,
1022,1023,1052,1054,1141,
1022,1023,1024,1053,1055,
1023,1024,1054,1142,1144,
1025,1026,1057,1143,1145,
1025,1026,1027,1056,1058,
1026,1027,1028,1057,1059,
1027,1028,1029,1058,1060,
1028,1029,1030,1059,1061,
1029,1030,1031,1060,1062,
1030,1031,1032,1061,1063,
1031,1032,1034,1062,
66,68,1065,1066,1067,1146,1147,1148,
66,68,70,97,124,1064,1066,1067,
1064,1065,1067,1068,1147,1148,1150,
97,124,149,1064,1065,1066,1068,
149,176,177,1066,1067,1150,1152,
224,226,251,280,1070,1071,1154,1155,
1069,1071,1072,1073,1155,
251,280,310,1069,1070,1072,1073,1155,
341,1070,1071,1073,
280,310,341,342,1070,1071,1072,
18,21,22,53,82,1075,1077,1078,
21,22,23,1074,1076,1077,1078,1079,
22,23,24,54,83,1075,1078,1079,
53,82,109,1074,1075,1078,1080,1081,
1074,1075,1076,1077,1079,1080,1081,1082,
54,83,111,1075,1076,1078,1081,1082,
82,109,136,1077,1078,1081,1083,1084,
1077,1078,1079,1080,1082,1083,1084,1085,
83,111,137,1078,1079,1081,1084,1085,
109,136,162,163,1080,1081,1084,
163,164,1080,1081,1082,1083,1085,
111,137,164,165,1081,1082,1084,
114,115,116,141,1087,1088,1089,
115,116,117,142,170,1086,1089,
141,169,1086,1089,1094,1095,1096,
170,194,1086,1087,1088,1095,1096,
163,164,165,192,217,1091,1097,1098,
164,165,166,1090,1092,1097,1098,1099,
165,166,167,193,218,1091,1098,1099,
167,168,169,193,218,1094,1100,1101,
168,169,1088,1093,1095,1100,1101,1102,
169,1088,1089,1094,1096,1101,1102,1103,
170,194,219,1088,1089,1095,1102,1103,
192,217,242,1090,1091,1098,1104,1105,
1090,1091,1092,1097,1099,1104,1105,1106,
193,218,243,1091,1092,1098,1105,1106,
193,218,243,1093,1094,1101,1107,1108,
1093,1094,1095,1100,1102,1107,1108,1109,
244,1094,1095,1096,1101,1103,1108,1109,
194,219,244,245,1095,1096,1102,1109,
217,242,267,268,269,1097,1098,1105,
268,269,270,1097,1098,1099,1104,1106,
218,243,269,270,271,1098,1099,1105,
218,243,271,272,273,1100,1101,1108,
272,273,1100,1101,1102,1107,1109,1110,
244,273,1101,1102,1103,1108,1110,1111,
244,273,303,1108,1109,1111,1112,1113,
244,245,274,304,1109,1110,1112,1113,
273,303,333,1110,1111,1113,1114,1115,
274,304,334,1110,1111,1112,1114,1115,
303,333,364,365,1112,1113,1115,1116,
304,334,365,366,1112,1113,1114,1116,
333,364,365,396,397,398,1114,1115,
460,461,462,493,519,520,1118,1124,
461,462,463,520,1117,1119,1124,1125,
462,463,464,1118,1120,1124,1125,1126,
463,464,465,1119,1121,1125,1126,1127,
464,465,466,1120,1122,1126,1127,1128,
465,466,467,1121,1123,1127,1128,1129,
466,467,468,494,521,1122,1128,1129,
520,547,548,549,1117,1118,1119,1125,
548,549,550,1118,1119,1120,1124,1126,
549,550,551,1119,1120,1121,1125,1127,
550,551,552,1120,1121,1122,1126,1128,
551,552,553,1121,1122,1123,1127,1129,
494,521,552,553,554,1122,1123,1128,
812,813,814,845,876,1131,1132,1133,
813,814,815,846,877,1130,1132,1133,
845,876,907,1130,1131,1133,1134,1135,
846,877,908,1130,1131,1132,1134,1135,
876,907,938,939,940,1132,1133,1135,
877,908,939,940,941,1132,1133,1134,
958,959,960,991,1021,1137,1139,1140,
959,960,961,1136,1138,1139,1140,1141,
960,961,962,992,1022,1137,1140,1141,
991,1021,1049,1050,1051,1136,1137,1140,
1050,1051,1052,1136,1137,1138,1139,1141,
992,1022,1051,1052,1053,1137,1138,1140,
994,995,996,1024,1055,1143,1144,1145,
995,996,997,1025,1056,1142,1144,1145,
1024,1055,1142,1143,1145,
1025,1056,1142,1143,1144,
35,37,66,1064,1147,
66,1064,1066,1146,1148,
1064,1066,1147,1149,1150,
1148,1150,1151,1152,
176,1066,1068,1148,1149,1151,1152,
200,1149,1150,1152,1153,
176,200,201,1068,1149,1150,1151,1153,
200,224,1151,1152,1154,
200,224,1069,1153,1155,
224,1069,1070,1071,1154
